09-01-23 09:39:02 55535750 973650 39527850 8983450 8009800 STRONGBUY 0.7117550406719996 18024.05 0
09-01-23 09:40:15 55535750 973650 39527850 8983450 8009800 STRONGBUY 0.7117550406719996 18021.95 0
09-01-23 09:45:17 45774850 1626950 37865700 11836750 10209800 STRONGBUY 0.8272162552143808 18030.8 0
09-01-23 09:50:19 45938500 1790600 39813700 13784750 11994150 STRONGBUY 0.8666739227445389 18027.2 0
09-01-23 09:55:25 46216350 2068450 40394150 14365200 12296750 STRONGBUY 0.8740229377698585 18029.1 0
09-01-23 10:00:28 46227100 2079200 40701600 14672650 12593450 STRONGBUY 0.8804705464976172 18040.1 0
09-01-23 10:05:30 45856100 1708200 41837500 15808550 14100350 STRONGBUY 0.912364985247328 18061.8 0
09-01-23 10:11:14 45106300 958400 42215950 16187000 15228600 STRONGBUY 0.9359213679685543 18071.6 0
09-01-23 10:16:19 44772250 624350 43353000 17324050 16699700 STRONGBUY 0.9683006773168648 18062.05 0
09-01-23 10:21:20 44340500 192600 43571800 17542850 17350250 STRONGBUY 0.9826637047394594 18073.35 0
09-01-23 10:26:22 46123050 -1033750 46476050 20961000 21994750 STRONGBUY 1.0076534400912343 18086.6 0
09-01-23 10:31:31 45706550 -1450250 47645700 22130650 23580900 STRONGBUY 1.0424260855391623 18085.3 0
09-01-23 10:36:35 46183700 -973100 48650900 23135850 24108950 STRONGBUY 1.0534214452285113 18089.95 0
09-01-23 10:41:39 46373000 -783800 49728650 24213600 24997400 STRONGBUY 1.072362150389235 18093.1 0
09-01-23 10:46:42 46426750 -730050 50666200 25151150 25881200 STRONGBUY 1.0913148131195916 18094.95 0
09-01-23 10:51:43 46779950 -376850 51306850 25791800 26168650 STRONGBUY 1.0967700906050561 18082.55 0
09-01-23 10:56:44 46774500 -382300 51744050 26229000 26611300 STRONGBUY 1.1062448556371527 18088.9 0
09-01-23 11:02:06 47015300 -141500 52533400 27018350 27159850 STRONGBUY 1.1173681758916778 18083.6 0
09-01-23 11:07:28 47189600 32800 52929500 27414450 27381650 STRONGBUY 1.1216348517469952 18087.55 0
09-01-23 11:12:30 46772300 -384500 53673750 28158700 28543200 STRONGBUY 1.1475542147809707 18097.8 0
09-01-23 11:17:31 46767550 -389250 54321350 28806300 29195550 STRONGBUY 1.16151797560488 18107.2 0
09-01-23 11:22:52 46882200 -274600 54479150 28964100 29238700 STRONGBUY 1.1620433768039895 18100.2 0
09-01-23 11:27:54 46874900 -281900 54995100 29480050 29761950 STRONGBUY 1.1732313028934462 18111.1 0
09-01-23 11:32:56 46581500 -575300 55395250 29880200 30455500 STRONGBUY 1.1892113822010884 18109 0
09-01-23 11:37:58 40783350 39400 52890550 31393300 31353900 STRONGBUY 1.296866245661526 18127.55 0
09-01-23 11:42:14 41004050 260100 53910750 32413500 32153400 STRONGBUY 1.3147664681903373 18120.2 0
09-01-23 11:43:15 41004050 260100 53910750 32413500 32153400 STRONGBUY 1.3147664681903373 18128.05 0
09-01-23 11:43:20 41004050 260100 53910750 32413500 32153400 STRONGBUY 1.3147664681903373 18128.05 0
09-01-23 11:48:44 41076350 332400 54300300 32803050 32470650 STRONGBUY 1.3219358584684375 18126.15 0
09-01-23 11:54:06 41294600 550650 54509550 33012300 32461650 STRONGBUY 1.3200164186116345 18124.85 0
09-01-23 13:03:09 50399000 3242200 56467300 30952250 27710050 STRONGBUY 1.120405166769182 18095.85 0
09-01-23 13:08:11 50321050 3164250 56305750 30790700 27626450 STRONGBUY 1.1189303482339896 18081.75 0
09-01-23 13:13:15 50716050 3559250 56225900 30710850 27151600 STRONGBUY 1.1086411500895672 18084.65 0
09-01-23 13:18:17 49149400 5001500 50395750 24366800 19365300 STRONGBUY 1.0253583970506253 18084.8 0
09-01-23 13:23:18 49517350 5369450 49834000 23805050 18435600 STRONGBUY 1.0063947283123995 18062.7 0
09-01-23 13:28:28 50276500 6128600 48761600 22732650 16604050 STRONGBUY 0.96986862649548 18059.3 0
09-01-23 13:33:30 50658450 6510550 48054550 22025600 15515050 STRONGBUY 0.9485989010717857 18053.5 0
09-01-23 13:38:31 51408200 7260300 47479000 21450050 14189750 BUY 0.9235686135674853 18044.9 0
09-01-23 13:43:33 52635200 8487300 47494400 21465450 12978150 BUY 0.9023315195914521 18036.4 0
09-01-23 13:48:35 52798550 8650650 46468400 20439450 11788800 BUY 0.8801075029522591 18028.75 0
09-01-23 13:53:40 61268300 6706200 47966750 17422350 10716150 BUY 0.7828967018833557 18007.15 0
09-01-23 14:07:22 56158000 12010100 43913350 17884400 5874300 BUY 0.7819607179742868 18040.65 0
09-01-23 14:12:24 64235700 9673600 47250800 16706400 7032800 BUY 0.7355847293638895 18021.4 0
09-01-23 14:17:46 56722050 12574150 44748750 18719800 6145650 BUY 0.7889127773061799 18033.4 0
09-01-23 14:22:48 56693650 12545750 44989100 18960150 6414400 BUY 0.7935474255053255 18052.45 0
09-01-23 14:27:51 56673400 12525500 45112350 19083400 6557900 BUY 0.7960057099097637 18058.15 0
09-01-23 14:32:54 56616400 12468500 45294950 19266000 6797500 BUY 0.800032322789863 18064.4 0
09-01-23 14:37:56 56557150 12409250 45441250 19412300 7003050 BUY 0.8034572109803977 18066.7 0
09-01-23 14:42:59 56368600 12220700 45211950 19183000 6962300 BUY 0.8020768654889424 18064.7 0
09-01-23 14:48:21 56167250 12019350 45436900 19407950 7388600 BUY 0.8089571770026127 18064.5 0
09-01-23 14:53:23 58151650 10994850 46575350 21060300 10065450 BUY 0.8009291223894764 18070.7 0
09-01-23 14:58:24 54197400 10049500 44629250 18600300 8550800 BUY 0.8234573983253809 18066.55 0
09-01-23 15:03:25 58116150 10959350 46744700 21229650 10270300 BUY 0.8043323585612605 18064 0
09-01-23 15:08:52 57719550 10562750 46624000 21108950 10546200 BUY 0.8077679053284372 18095.4 0
09-01-23 15:14:53 56609050 9452250 45598500 20083450 10631200 BUY 0.8054984141228302 18091.9 0
09-01-23 15:19:54 55811450 8654650 45172950 19657900 11003250 BUY 0.8093849917893192 18104.8 0
09-01-23 15:24:55 52142550 4985750 44091200 18576150 13590400 STRONGBUY 0.8455896384047193 18107.7 0
09-01-23 15:30:16 50393100 3236300 43053150 17538100 14301800 STRONGBUY 0.8543461307202772 18100.75 0
09-01-23 15:35:19 50664650 3507850 41928500 16413450 12905600 STRONGBUY 0.8275691236394607 18089.55 0
09-01-23 15:40:40 50664650 3507850 41928500 16413450 12905600 STRONGBUY 0.8275691236394607 18094.8 0
09-01-23 15:45:44 50664650 3507850 41928500 16413450 12905600 STRONGBUY 0.8275691236394607 18101.2 0
09-01-23 15:50:54 50664650 3507850 41928500 16413450 12905600 STRONGBUY 0.8275691236394607 18101.2 0
09-01-23 15:55:58 50664650 3507850 41928500 16413450 12905600 STRONGBUY 0.8275691236394607 18101.2 0
09-01-23 16:01:02 50664650 3507850 41928500 16413450 12905600 STRONGBUY 0.8275691236394607 18101.2 0
09-01-23 16:06:06 50664650 3507850 41928500 16413450 12905600 STRONGBUY 0.8275691236394607 18101.2 0
09-01-23 16:11:08 50664650 3507850 41928500 16413450 12905600 STRONGBUY 0.8275691236394607 18101.2 0
09-01-23 16:16:29 50664650 3507850 41928500 16413450 12905600 STRONGBUY 0.8275691236394607 18101.2 0
09-01-23 16:21:33 50664650 3507850 41928500 16413450 12905600 STRONGBUY 0.8275691236394607 18101.2 0
09-01-23 16:26:37 50664650 3507850 41928500 16413450 12905600 STRONGBUY 0.8275691236394607 18101.2 0
09-01-23 16:31:41 50664650 3507850 41928500 16413450 12905600 STRONGBUY 0.8275691236394607 18101.2 0
09-01-23 16:37:03 50664650 3507850 41928500 16413450 12905600 STRONGBUY 0.8275691236394607 18101.2 0
09-01-23 16:42:05 50664650 3507850 41928500 16413450 12905600 STRONGBUY 0.8275691236394607 18101.2 0
09-01-23 16:47:07 50664650 3507850 41928500 16413450 12905600 STRONGBUY 0.8275691236394607 18101.2 0
09-01-23 16:52:30 50664650 3507850 41928500 16413450 12905600 STRONGBUY 0.8275691236394607 18101.2 0
09-01-23 16:57:33 50664650 3507850 41928500 16413450 12905600 STRONGBUY 0.8275691236394607 18101.2 0