06-01-23 09:20:14 32191700 4606900 22996500 3536850 -1070050 SELL 0.7143611552046024 18014.75 0
06-01-23 09:25:20 35302950 7718150 25753400 6293750 -1424400 SELL 0.7294971100148855 17980.55 0
06-01-23 09:30:41 38773800 11189000 29725850 10266200 -922800 SELL 0.766647839520501 18022.3 0
06-01-23 09:35:57 39981450 12396650 31833950 12374300 -22350 SELL 0.7962179960956893 18026.05 0
06-01-23 09:40:58 34667900 11154700 30327500 13701800 2547100 BUY 0.8748006080552904 18039.85 0
06-01-23 09:45:59 41416950 13832150 35354950 15895300 2063150 BUY 0.85363480410798 18022.6 0
06-01-23 09:51:20 42202400 14617600 36180250 16720600 2103000 BUY 0.8573031391579626 18010.05 0
06-01-23 10:01:09 39035650 14607850 27072200 11698900 -2908950 SELL 0.6935250213586811 17988.6 0
06-01-23 10:06:10 39867000 15439200 27142550 11769250 -3669950 SELL 0.6808275014422956 17964.55 0
06-01-23 10:12:13 40836150 16408350 27823250 12449950 -3958400 SELL 0.6813387158191945 17961.5 0
06-01-23 10:17:14 41273800 16846000 27896250 12522950 -4323050 SELL 0.6758827633995416 17969.9 0
06-01-23 10:22:15 41607350 17179550 27640700 12267400 -4912150 SELL 0.6643225295530718 17955.1 0
06-01-23 10:28:19 42132850 17705050 27952950 12579650 -5125400 SELL 0.6634478797422914 17953.05 0
06-01-23 10:34:19 43526550 19098750 28238050 12864750 -6234000 SELL 0.6487546106916353 17943.1 0
06-01-23 10:39:40 44430050 20002250 28064150 12690850 -7311400 SELL 0.6316479499797997 17945.75 0
06-01-23 10:45:41 46023500 21595700 27844700 12471400 -9124300 SELL 0.6050104837745934 17925.75 0
06-01-23 10:50:41 46452600 22024800 28027800 12654500 -9370300 SELL 0.6033634285271438 17932.85 0
06-01-23 10:56:02 47819800 23392000 28036100 12662800 -10729200 SELL 0.5862864336530057 17940.5 0
06-01-23 11:01:23 48626600 24198800 27978450 12605150 -11593650 SELL 0.5753733553240408 17939.45 0
06-01-23 11:07:44 49343650 25530900 29110650 12396350 -13134550 SELL 0.5899573704012573 17917.4 0
06-01-23 11:13:07 49826900 26014150 29283800 12569500 -13444650 SELL 0.5877106542851351 17921.1 0
06-01-23 11:18:28 50669550 26856800 29575250 12860950 -13995850 SELL 0.5836888229715874 17914.1 0
06-01-23 11:38:09 52166200 28353450 30164450 13450150 -14903300 SELL 0.5782374411017095 17914.55 0
06-01-23 11:43:32 51634050 27206250 29633100 14259800 -12946450 SELL 0.573906172380435 17934.85 0
06-01-23 11:49:36 51771500 27343700 29993200 14619900 -12723800 SELL 0.5793380527896622 17939.65 0
06-01-23 11:54:58 51940200 27512400 30153150 14779850 -12732550 SELL 0.5805358854990932 17932.5 0
06-01-23 12:01:02 52118450 27690650 30576650 15203350 -12487300 SELL 0.5866761194931929 17946.4 0
06-01-23 12:21:07 53288950 28861150 31000500 15627200 -13233950 SELL 0.5817434946644661 17925.4 0
06-01-23 12:21:23 53288950 28861150 31000500 15627200 -13233950 SELL 0.5817434946644661 17925.4 0
06-01-23 13:36:12 57970650 37548200 28662700 13163300 -24384900 SELL 0.49443468375807414 17815.3 0
06-01-23 13:41:18 58462700 38040250 28820850 13321450 -24718800 SELL 0.4929784289812137 17829.65 0
06-01-23 13:54:33 58965350 38542900 28896950 13397550 -25145350 SELL 0.49006662387317296 17850 0
06-01-23 20:52:34 49220850 28798400 27382550 11883150 -16915250 SELL 0.5563201366900409 17859.45 0